2 0.129145 0.657544 0.188776 0.412433
2 0.324617 0.615276 0.174107 0.385962
2 0.493931 0.603725 0.114816 0.243408
2 0.594268 0.574606 0.182398 0.229699
2 0.703444 0.565750 0.153699 0.213475
2 0.810131 0.547074 0.155612 0.225429
2 0.884885 0.519676 0.158163 0.189565
2 0.304209 0.398386 0.065689 0.095637
2 0.352997 0.406071 0.065051 0.087098
2 0.417092 0.400521 0.082270 0.079413
2 0.480867 0.407779 0.049107 0.087098
2 0.516582 0.398813 0.064413 0.081120
2 0.586735 0.394117 0.064413 0.097344
2 0.063457 0.409060 0.043367 0.096490
2 0.118941 0.409914 0.052296 0.089659
2 0.180166 0.420161 0.059949 0.099906
