1 0.681383 0.716292 0.104398 0.176404
1 0.624677 0.572472 0.087124 0.156180
1 0.192193 0.398816 0.056845 0.125633
0 0.515552 0.918694 0.100267 0.116000
0 0.704545 0.911000 0.094920 0.146000
0 0.881016 0.842000 0.100267 0.108000
0 0.921000 0.919449 0.125668 0.142000
0 0.370989 0.730000 0.085561 0.100000
0 0.504870 0.777000 0.077540 0.094000
0 0.506330 0.683918 0.068182 0.088000
0 0.382353 0.604000 0.046791 0.072000
0 0.493984 0.560000 0.045455 0.064000
0 0.528075 0.542000 0.044118 0.068000
0 0.556150 0.512000 0.046791 0.056000
0 0.599599 0.475000 0.048128 0.054000
0 0.421662 0.553204 0.043040 0.065592
1 0.487722 0.377959 0.039834 0.072653
0 0.463904 0.479000 0.028075 0.042000
0 0.554813 0.417000 0.033422 0.038000
0 0.520053 0.439000 0.030749 0.046000
0 0.742279 0.635918 0.049111 0.074286
0 0.422242 0.492245 0.039834 0.048163
