1 0.296178 0.512873 0.085743 0.144188
1 0.377265 0.618806 0.056517 0.100225
0 0.371550 0.850258 0.072081 0.078895
0 0.792813 0.902847 0.071641 0.083194
0 0.721082 0.925911 0.073753 0.075678
0 0.635684 0.869322 0.057878 0.070180
0 0.639948 0.792692 0.058989 0.061250
0 0.552147 0.819375 0.060861 0.058750
0 0.535581 0.774375 0.045880 0.046250
0 0.478628 0.722165 0.050088 0.057304
0 0.490112 0.672173 0.047927 0.057614
0 0.564607 0.598125 0.053371 0.043750
0 0.461142 0.523125 0.029963 0.043750
0 0.774438 0.980000 0.077903 0.040000
0 0.246723 0.612500 0.044944 0.045000
0 0.242800 0.488942 0.022472 0.036250
3 0.180609 0.504297 0.019458 0.048595
0 0.357210 0.528750 0.044944 0.045000
0 0.426498 0.607500 0.029963 0.042500
0 0.375000 0.548750 0.035581 0.035000
0 0.228464 0.461250 0.030899 0.032500
0 0.200843 0.416250 0.031835 0.027500
0 0.214419 0.443125 0.036517 0.031250
0 0.196161 0.379375 0.024345 0.028750
0 0.236891 0.365625 0.030899 0.026250
0 0.184457 0.355000 0.025281 0.035000
0 0.233614 0.341875 0.033708 0.026250
0 0.156835 0.304375 0.037453 0.026250
0 0.163858 0.289375 0.025281 0.026250
1 0.386236 0.145000 0.037453 0.042500
1 0.683521 0.063125 0.053371 0.036250
0 0.360955 0.217308 0.018727 0.023750
0 0.407303 0.204375 0.023408 0.021250
